[ 0.          0.00148093  0.         ...,  0.02002138  0.          0.        ]
[ 0.00029051  0.01448916  0.00054805 ...,  0.02366935  0.01720576  0.        ]
[ 0.00170043  0.00278639  0.01074766 ...,  0.02033267  0.0082028
  0.00335408]
[ 0.00018696  0.          0.0031713  ...,  0.00271408  0.00324928
  0.00429805]
[ 0.          0.          0.00193324 ...,  0.01901401  0.          0.        ]
[ 0.          0.00052864  0.00070359 ...,  0.          0.01972247  0.        ]
[ 0.          0.00066113  0.         ...,  0.00032457  0.00168232  0.        ]
[  0.00000000e+00   3.32769169e-03   1.89792612e-04 ...,   7.08721882e-06
   0.00000000e+00   0.00000000e+00]
[ 0.          0.00127471  0.00165485 ...,  0.          0.          0.        ]
[ 0.          0.          0.00122425 ...,  0.00017011  0.05387504  0.        ]
[  3.15106101e-02   2.11321488e-02   1.99945542e-04 ...,   0.00000000e+00
   1.80835195e-05   5.08038234e-03]
[  0.00000000e+00   3.19939048e-04   9.62951127e-03 ...,   1.70012657e-02
   5.74184269e-05   0.00000000e+00]
[ 0.          0.0002386   0.02266928 ...,  0.0041284   0.          0.00096303]
